[(32,33,41,4,10),3]
[(47,55,54,12,10),1]
[(10,9,42,3,10),3]
[(40,32,41,5,10),0]
[(40,48,49,5,10),0]
[(45,44,46,10,10),0]
[(7,6,29,7,10),1]
[(21,22,19,7,10),3]
[(4,12,29,4,10),2]
[(37,38,29,9,10),1]
[(38,39,29,10,10),3]
[(21,20,29,7,10),3]
[(55,55,54,13,10),2]
[(5,13,19,5,10),2]
[(47,55,54,12,10),1]
[(4,12,19,4,10),2]
[(47,55,54,12,10),1]
[(61,53,59,12,10),2]
[(28,27,29,7,10),1]
[(0,8,19,0,10),3]
[(23,15,19,9,10),1]
[(34,33,42,6,10),0]
[(60,61,52,11,10),2]
[(17,25,19,3,10),3]
[(34,33,42,6,10),0]
[(25,17,49,4,10),3]
[(11,3,19,4,10),3]
[(13,14,29,6,10),2]
[(32,32,49,4,10),3]
[(33,32,49,5,10),3]
